Runtime results for algorithms (in ms):
insertion_sort
	uniform: [0.5704164505004883, 17.781352996826172, 69.13981437683105, 667.2252655029297, 2271.291184425354]
	almost_sorted: [0.6114959716796875, 18.750834465026855, 84.06589031219482, 540.8257722854614, 2052.8489112854004]
	reversed: [0.642704963684082, 19.861412048339844, 85.12651920318604, 501.8082618713379, 1935.4355812072754]
merge_sort
	uniform: [0.18868446350097656, 1.4362812042236328, 2.9638051986694336, 7.619285583496094, 16.295814514160156]
	almost_sorted: [0.20020008087158203, 1.2223005294799805, 2.45206356048584, 7.669234275817871, 15.47696590423584]
	reversed: [0.19152164459228516, 1.1759757995605469, 2.4941205978393555, 8.019709587097168, 15.211057662963867]
shell_sort1
	uniform: [0.07338523864746094, 0.5391120910644531, 1.3506889343261719, 4.7882795333862305, 9.097599983215332]
	almost_sorted: [0.07419586181640625, 0.5633115768432617, 1.4117002487182617, 4.1901350021362305, 9.701251983642578]
	reversed: [0.08251667022705078, 0.6303787231445312, 1.4592170715332031, 4.372739791870117, 8.753466606140137]
shell_sort2
	uniform: [0.10006427764892578, 0.7539749145507812, 1.6707420349121094, 4.576230049133301, 10.1365327835083]
	almost_sorted: [0.0924825668334961, 0.6985902786254883, 1.4536380767822266, 4.120087623596191, 8.95533561706543]
	reversed: [0.08380413055419922, 0.6051778793334961, 1.6559839248657227, 4.929208755493164, 8.993887901306152]
shell_sort3
	uniform: [0.17347335815429688, 1.5326976776123047, 3.8394927978515625, 12.774658203125, 27.603840827941895]
	almost_sorted: [0.18889904022216797, 1.5097856521606445, 3.3008813858032227, 12.326407432556152, 25.517678260803223]
	reversed: [0.1773357391357422, 1.4286994934082031, 3.647279739379883, 12.398433685302734, 27.84855365753174]
shell_sort4
	uniform: [0.05359649658203125, 0.40819644927978516, 0.8617639541625977, 2.290201187133789, 4.9431562423706055]
	almost_sorted: [0.07791519165039062, 0.36163330078125, 0.7370948791503906, 2.207636833190918, 4.868769645690918]
	reversed: [0.0476837158203125, 0.35529136657714844, 0.7440090179443359, 2.1579504013061523, 5.008149147033691]
hybrid_sort1
	uniform: [0.2035379409790039, 1.2010574340820312, 2.6908397674560547, 6.553888320922852, 13.497400283813477]
	almost_sorted: [0.194549560546875, 1.2324333190917969, 2.8795719146728516, 5.97991943359375, 12.529563903808594]
	reversed: [0.16543865203857422, 0.9654998779296875, 2.252960205078125, 6.148719787597656, 13.446998596191406]
hybrid_sort2
	uniform: [0.11970996856689453, 0.8187294006347656, 2.2766590118408203, 7.122039794921875, 14.928483963012695]
	almost_sorted: [0.13267993927001953, 0.996851921081543, 2.2456884384155273, 6.3925981521606445, 14.562606811523438]
	reversed: [0.1306772232055664, 0.9235382080078125, 1.9780158996582031, 6.800317764282227, 14.546036720275879]
hybrid_sort3
	uniform: [0.1493692398071289, 1.4837026596069336, 4.63559627532959, 13.933682441711426, 50.124430656433105]
	almost_sorted: [0.14629364013671875, 1.5137195587158203, 4.461836814880371, 13.739991188049316, 52.434730529785156]
	reversed: [0.12845993041992188, 1.3772249221801758, 5.33902645111084, 13.210034370422363, 50.109314918518066]


